{
    "t_avg_lookup": 2.211723339557648, 
    "t_sites": -1.0543708801269531, 
    "t_lookup": 44.234466791152954, 
    "avg_wc": 339, 
    "t_total": 43.180095911026, 
    "num_sites": 20
}