{
    "t_total_real": 36.76720094680786, 
    "avg_wc": 266, 
    "num_sites": 100, 
    "t_lookups": 130.89806985855103, 
    "t_sites": 1.4845099449157715
}